13 0.186667 0.278889 0.283333 0.211111
13 0.439167 0.261111 0.158333 0.155556
13 0.684167 0.260000 0.175000 0.151111
13 0.905833 0.263889 0.121667 0.181111
13 0.145000 0.476667 0.133333 0.148889
13 0.447500 0.465556 0.108333 0.193333
13 0.665833 0.467222 0.251667 0.152222
13 0.906667 0.481667 0.146667 0.158889
13 0.167500 0.675000 0.235000 0.158889
13 0.427500 0.705000 0.228333 0.154444
13 0.680000 0.726111 0.210000 0.170000
13 0.900833 0.711111 0.138333 0.166667
13 0.160000 0.895000 0.166667 0.170000
13 0.493333 0.895000 0.273333 0.141111
13 0.844167 0.886111 0.278333 0.110000
