13 0.060167 0.268378 0.119667 0.514586
13 0.203500 0.273921 0.117667 0.528005
13 0.350833 0.186406 0.110333 0.358810
13 0.458667 0.203326 0.119333 0.399650
13 0.619167 0.346266 0.001667 0.002917
13 0.585167 0.178821 0.115667 0.356476
13 0.687667 0.109685 0.131333 0.187865
13 0.345667 0.647025 0.110667 0.519253
13 0.459833 0.713827 0.146333 0.572345
13 0.148667 0.778296 0.267333 0.443407
13 0.701333 0.773629 0.102667 0.452742
13 0.577667 0.687573 0.115333 0.624854
13 0.815667 0.784422 0.148667 0.431155
13 0.939000 0.485414 0.122000 0.815636
