13 0.044000 0.136000 0.085333 0.269333
13 0.180667 0.098667 0.124000 0.194667
13 0.356000 0.100000 0.146667 0.197333
13 0.560000 0.107333 0.192000 0.212000
13 0.760000 0.110667 0.162667 0.218667
13 0.931333 0.164667 0.124000 0.326667
13 0.039333 0.500667 0.065333 0.356000
13 0.176667 0.432000 0.148000 0.386667
13 0.341333 0.456667 0.133333 0.449333
13 0.548000 0.452000 0.176000 0.429333
13 0.774667 0.454667 0.165333 0.450667
13 0.939333 0.518000 0.121333 0.276000
13 0.096667 0.849333 0.142667 0.301333
13 0.480667 0.858000 0.129333 0.284000
15 0.654000 0.847333 0.121333 0.305333
15 0.818000 0.853333 0.118667 0.293333
