13 0.128000 0.146177 0.140000 0.199400
13 0.076500 0.501499 0.039000 0.439280
13 0.128000 0.436282 0.040000 0.314843
13 0.284000 0.346327 0.216000 0.167916
13 0.221500 0.667166 0.069000 0.560720
13 0.492500 0.502249 0.185000 0.161919
13 0.691500 0.416792 0.105000 0.167916
13 0.721000 0.644678 0.166000 0.146927
13 0.590000 0.777361 0.086000 0.139430
13 0.532000 0.880810 0.242000 0.109445
13 0.905000 0.838081 0.180000 0.248876
13 0.728500 0.829835 0.141000 0.190405
13 0.862000 0.640180 0.094000 0.164918
13 0.890000 0.145427 0.130000 0.230885
13 0.541000 0.181409 0.186000 0.071964
