13 0.191000 0.381877 0.198000 0.349515
13 0.164000 0.592233 0.168000 0.168285
13 0.673000 0.339806 0.030000 0.401294
13 0.429000 0.839806 0.198000 0.139159
13 0.215000 0.794498 0.234000 0.171521
13 0.716000 0.634304 0.208000 0.168285
13 0.896000 0.461165 0.092000 0.417476
13 0.768000 0.401294 0.072000 0.427184
13 0.485000 0.307443 0.114000 0.323625
13 0.416000 0.566343 0.100000 0.103560
13 0.484000 0.621359 0.084000 0.142395
13 0.678000 0.786408 0.104000 0.200647
13 0.605000 0.333333 0.034000 0.297735
