13 0.162548 0.501786 0.089354 0.446429
13 0.248099 0.489286 0.062738 0.521429
13 0.301331 0.560714 0.096958 0.392857
13 0.373574 0.608929 0.028517 0.253571
13 0.412548 0.575000 0.057034 0.335714
13 0.411597 0.419643 0.108365 0.539286
13 0.512357 0.487500 0.096958 0.482143
13 0.576996 0.621429 0.150190 0.278571
13 0.607414 0.460714 0.062738 0.457143
13 0.688213 0.557143 0.102662 0.292857
13 0.766160 0.596429 0.068441 0.342857
13 0.786122 0.432143 0.108365 0.507143
13 0.881179 0.526786 0.108365 0.460714
