13 0.020417 0.059524 0.034167 0.100000
13 0.443333 0.515873 0.046667 0.187302
13 0.470000 0.488095 0.036667 0.188889
13 0.350000 0.242063 0.120000 0.093651
13 0.127083 0.357143 0.112500 0.044444
13 0.601250 0.942857 0.102500 0.060317
13 0.172917 0.487302 0.114167 0.069841
13 0.159167 0.426190 0.120000 0.042857
13 0.176250 0.071429 0.062500 0.063492
13 0.203750 0.135714 0.070833 0.058730
13 0.226667 0.206349 0.061667 0.060317
13 0.370833 0.089683 0.066667 0.084127
13 0.272500 0.823810 0.055000 0.085714
13 0.307083 0.805556 0.032500 0.119048
13 0.367500 0.790476 0.096667 0.117460
13 0.688750 0.890476 0.100833 0.057143
13 0.549583 0.615079 0.079167 0.144444
